IGRACI--> |!|250.0|715.48|0.0|0.32|0.0|0.32|35|1|0.5|7|0|data/images/igrac1.png|1|-1|0|0|0|100|!|1250.0|715.48|0.0|0.32|0.0|0.32|35|2|0.5|7|0|data/images/igrac1.png|2|-1|0|0|0|100|
SUDIJE--> |
LOPTE--> |!|752.9955|394.375|2.997|-5.75|-0.003|0.25|12.5|data/images/lopta.png|0|12.5|11|0|0.75|0|5|0|0|0|255|1|-1|-1|
GOLOVI--> |!|150||!|150|
PRECKE--> |!|97.0|605.0||!|1403.0|605.0||
NOGICE--> |!|250.0|754.2857142857143|40|30|1|0|data/images/nogica1.png|!|1250.0|754.2857142857143|40|30|2|0|data/images/nogica1.png|
TERENI--> |
LED--> |
PEPEO--> |
STANJA--> |16|16|16|16|16|16|16|16|16|16|16|16|16|16|16|16|16|16|16|16|16|16|16|16|16|16|16|16|16|16|16|16|16|16|16|16|16|16|16|16|16|16|16|16|16|16|16|16|16|16|16|16|16|16|16|16|16|16|16|16|16|16|16|16|16|16|16|16|16|16|16|16|16|16|16|16|16|16|16|16|16|16|16|16|16|16|16|16|16|16|16|16|16|16|16|16|16|16|16|16|16|16|16|16|16|16|16|16|16|16|16|16|16|16|16|16|16|16|16|16|16|16|16|16|16|16|16|16|16|16|16|16|16|16|16|16|16|16|16|16|16|16|16|16|16|16|16|16|16|16|16|16|16|16|16|16|16|16|16|16|16|16|16|16|16|16|16|16|16|16|16|16|16|16|16|16|16|16|16|16|16|16|16|16|16|16|16|16|16|16|16|16|16|16|16|16|16|16|16|16|16|16|16|16|16|16|16|16|16|16|16|16|16|16|16|16|16|16|16|16|16|16|16|16|16|16|16|16|16|16|16|16|16|16|16|16|16|16|16|16|16|16|16|16|16|16|16|16|16|16|16|16|16|16|16|16|16|16|16|16|16|16|16|16|16|16|16|16|16|16|16|16|16|16|16|16|16|16|16|16|16|16|16|16|16|16|16|16|16|16|16|16|16|16|16|16|16|16|16|16|0|0|0|0|0|0|0|0|0|0|0|0|0|0|0|0|0|0|0|0|0|0|0|0|0|0|0|0|0|0|0|0|0|0|0|0|0|0|0|0|0|0|0|0|0|0|0|0|0|0|0|0|0|0|0|0|0|0|0|0|0|0|0|0|0|0|0|0|0|0|0|0|0|0|0|
BROJAC_ZA_STANJA--> |-1|-1|-1|-1|-1|-1|-1|-1|-1|-1|-1|-1|-1|-1|-1|-1|-1|-1|-1|-1|-1|-1|-1|-1|-1|-1|-1|-1|-1|-1|-1|-1|-1|-1|-1|-1|-1|-1|-1|-1|-1|-1|-1|-1|-1|-1|-1|-1|-1|-1|-1|-1|-1|-1|-1|-1|-1|-1|-1|-1|-1|-1|-1|-1|-1|-1|-1|-1|-1|-1|-1|-1|-1|-1|-1|-1|-1|-1|-1|-1|-1|-1|-1|-1|-1|-1|-1|-1|-1|-1|-1|-1|-1|-1|-1|-1|-1|-1|-1|-1|-1|-1|-1|-1|-1|-1|-1|-1|-1|-1|-1|-1|-1|-1|-1|-1|-1|-1|-1|-1|-1|-1|-1|-1|-1|-1|-1|-1|-1|-1|-1|-1|-1|-1|-1|-1|-1|-1|-1|-1|-1|-1|-1|-1|-1|-1|-1|-1|-1|-1|-1|-1|-1|-1|-1|-1|-1|-1|-1|-1|-1|-1|-1|-1|-1|-1|-1|-1|-1|-1|-1|-1|-1|-1|-1|-1|-1|-1|-1|-1|-1|-1|-1|-1|-1|-1|-1|-1|-1|-1|-1|-1|-1|-1|-1|-1|-1|-1|-1|-1|-1|-1|-1|-1|-1|-1|-1|-1|-1|-1|-1|-1|-1|-1|-1|-1|-1|-1|-1|-1|-1|-1|-1|-1|-1|-1|-1|-1|-1|-1|-1|-1|-1|-1|-1|-1|-1|-1|-1|-1|-1|-1|-1|-1|-1|-1|-1|-1|-1|-1|-1|-1|-1|-1|-1|-1|-1|-1|-1|-1|-1|-1|-1|-1|-1|-1|-1|-1|-1|-1|-1|-1|-1|-1|-1|-1|-1|-1|-1|-1|-1|-1|-1|-1|-1|-1|-1|-1|-1|-1|-1|-1|-1|-1|-1|-1|-1|-1|-1|-1|-1|-1|-1|-1|-1|-1|-1|-1|-1|-1|-1|-1|-1|-1|-1|-1|-1|-1|-1|-1|-1|-1|-1|-1|-1|-1|-1|-1|-1|-1|-1|-1|-1|-1|-1|-1|-1|-1|-1|-1|-1|-1|-1|-1|-1|-1|-1|-1|-1|-1|-1|-1|-1|-1|-1|-1|-1|-1|-1|-1|-1|-1|-1|-1|-1|-1|-1|-1|-1|-1|-1|-1|-1|-1|-1|
POWERI--> |
POSS_VELL_ACCC--> 983.180748114481|754.375|2.766468955318496|14.25|-0.002769238193512008|0.25|0|0|0|0|0|0|0|0|0|0|0|0|0|0|0|0|0|0|0|0|0|0|0|0|0|0|0|0|0|0|0|0|0|0|0|0|0|0|0|0|0|0|0|0|0|0|0|0|0|0|0|0|0|0|0|0|0|0|0|0|0|0|0|0|0|0|0|0|0|0|0|0|0|0|0|0|0|0|0|0|0|0|0|0|0|0|0|0|0|0|0|0|0|0|0|0|0|0|0|0|0|0|0|0|0|0|0|0|0|0|0|0|0|0|0|0|0|0|0|0|0|0|0|0|0|0|0|0|0|0|0|0|0|0|0|0|0|0|0|0|0|0|0|0||
POWER_ZNAK--> |
BOMBE--> |
IDU_BOMBE--> |!|0|
DROPOVI--> |
EVENT_VRIJEME--> |!|7|594|1|54|0|0|7199|0|0|1|-1|1|
SLIKA_ABILITIJA--> |!|38.0|38.0|60|60|375.0|400.0|-1|-1|-1|!|1462.0|38.0|60|60|1125.0|400.0|-1|-1|-1|
ABILITIJI--> |
