IGRACI--> |!|250.0|716.0|0.0|0.0|0.0|0.32|35.0|1|0.5|7.0|0|data/images/igrac1.png|1|-1|0|0|0|100|!|1250.0|716.0|0.0|0.0|0.0|0.32|35.0|2|0.5|7.0|0|data/images/igrac1.png|2|-1|0|0|0|100|
SUDIJE--> |
LOPTE--> |!|750.0|738.5|0.0|-0.09375000000000001|0.0|0.25|12.5|data/images/lopta.png|0|12.5|11|0|0.75|0|5|0|0|0|255|1|-1|-1|
GOLOVI--> |!|150.0||!|150.0|
PRECKE--> |!|97.0|605.0||!|1403.0|605.0||
NOGICE--> |!|250.0|755.2857142857143|40.0|30.0|1|0|data/images/nogica1.png|!|1250.0|755.2857142857143|40.0|30.0|2|0|data/images/nogica1.png|
TERENI--> |
LED--> |
PEPEO--> |
STANJA--> |16|16|16|16|16|16|16|16|16|16|16|16|16|16|16|16|16|16|16|16|16|16|16|16|16|16|16|16|16|16|16|16|16|16|16|16|16|16|16|16|16|16|16|16|16|16|16|16|16|16|16|16|16|16|16|16|16|16|16|16|16|16|16|16|16|16|16|16|16|16|16|16|16|16|16|16|16|16|16|16|16|16|16|16|16|16|16|16|16|16|16|16|16|16|16|16|16|16|16|16|16|16|16|16|16|16|16|16|16|16|16|16|16|16|16|16|16|16|16|16|16|16|16|16|16|16|16|16|16|16|16|16|16|16|16|16|16|16|16|16|16|16|16|16|16|16|16|16|16|16|16|16|16|16|16|16|16|16|16|16|16|16|16|16|16|16|16|16|16|16|16|16|16|16|16|16|16|16|16|16|16|16|16|16|16|16|16|16|16|16|16|16|16|16|16|16|16|16|16|16|16|16|16|16|16|16|16|16|16|16|16|16|16|16|16|16|16|16|16|16|16|16|16|16|16|16|16|16|16|16|16|16|16|16|16|16|16|16|16|16|16|16|16|16|16|16|16|16|16|16|16|16|16|16|16|16|16|16|16|16|16|16|16|16|16|16|16|16|16|16|16|16|16|16|16|16|16|16|16|16|16|16|16|16|16|16|16|16|16|16|16|16|16|16|16|16|16|16|16|16|0|0|0|0|0|0|0|0|0|0|0|0|0|0|0|0|0|0|0|0|0|0|0|0|0|0|0|0|0|0|0|0|0|0|0|0|0|0|0|0|0|0|0|0|0|0|0|0|0|0|0|0|0|0|0|0|0|0|0|0|0|0|0|0|0|0|0|0|0|0|0|0|0|0|0|
BROJAC_ZA_STANJA--> |-1|-1|-1|-1|-1|-1|-1|-1|-1|-1|-1|-1|-1|-1|-1|-1|-1|-1|-1|-1|-1|-1|-1|-1|-1|-1|-1|-1|-1|-1|-1|-1|-1|-1|-1|-1|-1|-1|-1|-1|-1|-1|-1|-1|-1|-1|-1|-1|-1|-1|-1|-1|-1|-1|-1|-1|-1|-1|-1|-1|-1|-1|-1|-1|-1|-1|-1|-1|-1|-1|-1|-1|-1|-1|-1|-1|-1|-1|-1|-1|-1|-1|-1|-1|-1|-1|-1|-1|-1|-1|-1|-1|-1|-1|-1|-1|-1|-1|-1|-1|-1|-1|-1|-1|-1|-1|-1|-1|-1|-1|-1|-1|-1|-1|-1|-1|-1|-1|-1|-1|-1|-1|-1|-1|-1|-1|-1|-1|-1|-1|-1|-1|-1|-1|-1|-1|-1|-1|-1|-1|-1|-1|-1|-1|-1|-1|-1|-1|-1|-1|-1|-1|-1|-1|-1|-1|-1|-1|-1|-1|-1|-1|-1|-1|-1|-1|-1|-1|-1|-1|-1|-1|-1|-1|-1|-1|-1|-1|-1|-1|-1|-1|-1|-1|-1|-1|-1|-1|-1|-1|-1|-1|-1|-1|-1|-1|-1|-1|-1|-1|-1|-1|-1|-1|-1|-1|-1|-1|-1|-1|-1|-1|-1|-1|-1|-1|-1|-1|-1|-1|-1|-1|-1|-1|-1|-1|-1|-1|-1|-1|-1|-1|-1|-1|-1|-1|-1|-1|-1|-1|-1|-1|-1|-1|-1|-1|-1|-1|-1|-1|-1|-1|-1|-1|-1|-1|-1|-1|-1|-1|-1|-1|-1|-1|-1|-1|-1|-1|-1|-1|-1|-1|-1|-1|-1|-1|-1|-1|-1|-1|-1|-1|-1|-1|-1|-1|-1|-1|-1|-1|-1|-1|-1|-1|-1|-1|-1|-1|-1|-1|-1|-1|-1|-1|-1|-1|-1|-1|-1|-1|-1|-1|-1|-1|-1|-1|-1|-1|-1|-1|-1|-1|-1|-1|-1|-1|-1|-1|-1|-1|-1|-1|-1|-1|-1|-1|-1|-1|-1|-1|-1|-1|-1|-1|-1|-1|-1|-1|-1|-1|-1|-1|-1|-1|-1|-1|-1|-1|-1|-1|-1|-1|-1|-1|-1|-1|-1|-1|-1|-1|-1|-1|-1|-1|-1|
POWERI--> |!|4|1245.0|166.0|15|!|15|218.0|221.0|15|!|0|1425.0|155.0|15|!|16|1000.0|177.0|15|!|14|1227.0|519.0|15|!|0|1201.0|478.0|15|!|2|620.0|394.0|15|!|9|1284.0|234.0|15|!|11|434.0|413.0|15|!|17|1338.0|362.0|15|!|0|419.0|413.0|15|!|3|818.0|462.0|15|!|17|169.0|276.0|15|!|3|967.0|521.0|15|!|17|854.0|345.0|15|!|10|1227.0|287.0|15|!|11|472.0|422.0|15|!|11|112.0|218.0|15|!|4|1404.0|153.0|15|!|16|174.0|433.0|15|!|10|402.0|501.0|15|!|16|494.0|477.0|15|!|3|845.0|265.0|15|!|8|981.0|247.0|15|!|16|846.0|260.0|15|!|12|1359.0|434.0|15|!|6|1205.0|395.0|15|
POSS_VELL_ACCC--> 750.0|750.03125|0.0|2.15625|0.0|0.25|0.0|0.0|0.0|0.0|0.0|0.0|0.0|0.0|0.0|0.0|0.0|0.0|0.0|0.0|0.0|0.0|0.0|0.0|0.0|0.0|0.0|0.0|0.0|0.0|0.0|0.0|0.0|0.0|0.0|0.0|0.0|0.0|0.0|0.0|0.0|0.0|0.0|0.0|0.0|0.0|0.0|0.0|0.0|0.0|0.0|0.0|0.0|0.0|0.0|0.0|0.0|0.0|0.0|0.0|0.0|0.0|0.0|0.0|0.0|0.0|0.0|0.0|0.0|0.0|0.0|0.0|0.0|0.0|0.0|0.0|0.0|0.0|0.0|0.0|0.0|0.0|0.0|0.0|0.0|0.0|0.0|0.0|0.0|0.0|0.0|0.0|0.0|0.0|0.0|0.0|0.0|0.0|0.0|0.0|0.0|0.0|0.0|0.0|0.0|0.0|0.0|0.0|0.0|0.0|0.0|0.0|0.0|0.0|0.0|0.0|0.0|0.0|0.0|0.0|0.0|0.0|0.0|0.0|0.0|0.0|0.0|0.0|0.0|0.0|0.0|0.0|0.0|0.0|0.0|0.0|0.0|0.0|0.0|0.0|0.0|0.0|0.0|0.0|0.0|0.0|0.0|0.0|0.0|0.0||
POWER_ZNAK--> |
BOMBE--> |
IDU_BOMBE--> |!|0|
DROPOVI--> |!|1000.0|0.0|0.0|3.0|125.0|162.0|1|0|0|
EVENT_VRIJEME--> |!|186|558|7597|70|0|1|0|191|3|7570|787|1|
SLIKA_ABILITIJA--> |!|38.0|38.0|60.0|60.0|375.0|400.0|-1|-1|-1|!|1462.0|38.0|60.0|60.0|1125.0|400.0|-1|-1|-1|
ABILITIJI--> |
