IGRACI--> |!|734.5847759297862|716.0|1.247022878866897e-06|0.0|-1.1584365541386477e-07|0.32|35|1|0.5|7|0|data/images/igrac1.png|1|-1|0|0|0|100|!|1097.06572606001|716.0|-0.0006724528376454038|0.0|6.246829639328889e-05|0.32|35|2|0.5|7|0|data/images/igrac1.png|2|-1|0|0|0|100|
SUDIJE--> |
LOPTE--> |!|554.1861265960223|732.825|12.18043373698498|-0.7600000000000002|-0.012192626363348329|0.25|12.5|data/images/lopta.png|0|12.5|11|0|0.75|0|5|0|0|0|255|1|-1|2|
GOLOVI--> |!|150||!|150|
PRECKE--> |!|97.0|605.0||!|1403.0|605.0||
NOGICE--> |!|735.0|755.2857142857143|40|30|1|0|data/images/nogica1.png|!|1097.0|755.2857142857143|40|30|2|0|data/images/nogica1.png|
TERENI--> |
LED--> |
PEPEO--> |
STANJA--> |16|16|16|16|16|16|16|16|16|16|16|16|16|16|16|16|16|16|16|16|16|16|16|16|16|16|16|16|16|16|16|16|16|16|16|16|16|16|16|16|16|16|16|16|16|16|16|16|16|16|16|16|16|16|16|16|16|16|16|16|16|16|16|16|16|16|16|16|16|16|16|16|16|16|16|16|16|16|16|16|16|16|16|16|16|16|16|16|16|16|16|16|16|16|16|16|16|16|16|16|16|16|16|16|16|16|16|16|16|16|16|16|16|16|16|16|16|16|16|16|16|16|16|16|16|16|16|16|16|16|16|16|16|16|16|16|16|16|16|16|16|16|16|16|16|16|16|16|16|16|16|16|16|16|16|16|16|16|16|16|16|16|16|16|16|16|16|16|16|16|16|16|16|16|16|16|16|16|16|16|16|16|16|16|16|16|16|16|16|16|16|16|16|16|16|16|16|16|16|16|16|16|16|16|16|16|16|16|16|16|16|16|16|16|16|16|16|16|16|16|16|16|16|16|16|16|16|16|16|16|16|16|16|16|16|16|16|16|16|16|16|16|16|16|16|16|16|16|16|16|16|16|16|16|16|16|16|16|16|16|16|16|16|16|16|16|16|16|16|16|16|16|16|16|16|16|16|16|16|16|16|16|16|16|16|16|16|16|16|16|16|16|16|16|16|16|16|16|16|16|0|0|0|0|0|0|0|0|0|0|0|0|0|0|0|0|0|0|0|0|0|0|0|0|0|0|0|0|0|0|0|0|0|0|0|0|0|0|0|0|0|0|0|0|0|0|0|0|0|0|0|0|0|0|0|0|0|0|0|0|0|0|0|0|0|0|0|0|0|0|0|0|0|0|0|
BROJAC_ZA_STANJA--> |-1|-1|-1|-1|-1|-1|-1|-1|-1|-1|-1|-1|-1|-1|-1|-1|-1|-1|-1|-1|-1|-1|-1|-1|-1|-1|-1|-1|-1|-1|-1|-1|-1|-1|-1|-1|-1|-1|-1|-1|-1|-1|-1|-1|-1|-1|-1|-1|-1|-1|-1|-1|-1|-1|-1|-1|-1|-1|-1|-1|-1|-1|-1|-1|-1|-1|-1|-1|-1|-1|-1|-1|-1|-1|-1|-1|-1|-1|-1|-1|-1|-1|-1|-1|-1|-1|-1|-1|-1|-1|-1|-1|-1|-1|-1|-1|-1|-1|-1|-1|-1|-1|-1|-1|-1|-1|-1|-1|-1|-1|-1|-1|-1|-1|-1|-1|-1|-1|-1|-1|-1|-1|-1|-1|-1|-1|-1|-1|-1|-1|-1|-1|-1|-1|-1|-1|-1|-1|-1|-1|-1|-1|-1|-1|-1|-1|-1|-1|-1|-1|-1|-1|-1|-1|-1|-1|-1|-1|-1|-1|-1|-1|-1|-1|-1|-1|-1|-1|-1|-1|-1|-1|-1|-1|-1|-1|-1|-1|-1|-1|-1|-1|-1|-1|-1|-1|-1|-1|-1|-1|-1|-1|-1|-1|-1|-1|-1|-1|-1|-1|-1|-1|-1|-1|-1|-1|-1|-1|-1|-1|-1|-1|-1|-1|-1|-1|-1|-1|-1|-1|-1|-1|-1|-1|-1|-1|-1|-1|-1|-1|-1|-1|-1|-1|-1|-1|-1|-1|-1|-1|-1|-1|-1|-1|-1|-1|-1|-1|-1|-1|-1|-1|-1|-1|-1|-1|-1|-1|-1|-1|-1|-1|-1|-1|-1|-1|-1|-1|-1|-1|-1|-1|-1|-1|-1|-1|-1|-1|-1|-1|-1|-1|-1|-1|-1|-1|-1|-1|-1|-1|-1|-1|-1|-1|-1|-1|-1|-1|-1|-1|-1|-1|-1|-1|-1|-1|-1|-1|-1|-1|-1|-1|-1|-1|-1|-1|-1|-1|-1|-1|-1|-1|-1|-1|-1|-1|-1|-1|-1|-1|-1|-1|-1|-1|-1|-1|-1|-1|-1|-1|-1|-1|-1|-1|-1|-1|-1|-1|-1|-1|-1|-1|-1|-1|-1|-1|-1|-1|-1|-1|-1|-1|-1|-1|-1|-1|-1|-1|-1|-1|-1|-1|-1|-1|-1|
POWERI--> |!|2|736.0|458.0|15|
POSS_VELL_ACCC--> 723.354067841825|750.1850000000002|12.011011662627643|2.7399999999999998|-0.012023034697324969|0.25|0|0|0|0|0|0|0|0|0|0|0|0|0|0|0|0|0|0|0|0|0|0|0|0|0|0|0|0|0|0|0|0|0|0|0|0|0|0|0|0|0|0|0|0|0|0|0|0|0|0|0|0|0|0|0|0|0|0|0|0|0|0|0|0|0|0|0|0|0|0|0|0|0|0|0|0|0|0|0|0|0|0|0|0|0|0|0|0|0|0|0|0|0|0|0|0|0|0|0|0|0|0|0|0|0|0|0|0|0|0|0|0|0|0|0|0|0|0|0|0|0|0|0|0|0|0|0|0|0|0|0|0|0|0|0|0|0|0|0|0|0|0|0|0||
POWER_ZNAK--> |
BOMBE--> |
IDU_BOMBE--> |!|0|
DROPOVI--> |
EVENT_VRIJEME--> |!|3|410|282|647|0|1|6966|42|1|275|234|1|
SLIKA_ABILITIJA--> |!|38.0|38.0|60|60|375.0|400.0|-1|-1|-1|!|1462.0|38.0|60|60|1125.0|400.0|-1|-1|-1|
ABILITIJI--> |
