[{0}]|750.0|400.0|
[{1}]|0|375.0|251.87675157449698|10.606910304656507|50|(0, 0, 0)|(1, 375.8730158730159, 360.63492063492066, 3.286361111111114)|
[{1}]|0|375.0|357.945854621063|10.606910304656507|50|(0, 0, 0)|(1, 375.8730158730159, 360.63492063492066, 3.286361111111114)|
[{1}]|0|283.14146220504443|410.98040614434626|10.606910304656507|50|(0, 0, 0)|(1, 375.8730158730159, 360.63492063492066, 3.286361111111114)|
[{1}]|0|466.8585377949555|410.98040614434626|10.606910304656507|50|(0, 0, 0)|(1, 375.8730158730159, 360.63492063492066, 3.286361111111114)|
[{1}]|1|750.0|-2.5396825396825395|25.3968253968254|50|(0, 0, 0)|(0, 0, 0, 0)|
[{1}]|1|750.0|149.84126984126985|25.3968253968254|50|(0, 0, 0)|(0, 0, 0, 0)|
[{1}]|2|1125.0|251.87675157449698|10.606910304656507|50|(0, 0, 0)|(1, 1125.8730158730157, 360.63492063492066, -3.286361111111114)|
[{1}]|2|1125.0|357.945854621063|10.606910304656507|50|(0, 0, 0)|(1, 1125.8730158730157, 360.63492063492066, -3.286361111111114)|
[{1}]|2|1033.1414622050443|410.98040614434626|10.606910304656507|50|(0, 0, 0)|(1, 1125.8730158730157, 360.63492063492066, -3.286361111111114)|
[{1}]|2|1216.8585377949555|410.98040614434626|10.606910304656507|50|(0, 0, 0)|(1, 1125.8730158730157, 360.63492063492066, -3.286361111111114)|
[{2}]|0|0|1|10.606910304656507|100|(0, 0, 0)|
[{2}]|0|1|2|10.606910304656507|100|(0, 0, 0)|
[{2}]|0|1|3|10.606910304656507|100|(0, 0, 0)|
[{2}]|1|4|5|25.3968253968254|100|(0, 0, 0)|
[{2}]|2|6|7|10.606910304656507|100|(0, 0, 0)|
[{2}]|2|7|8|10.606910304656507|100|(0, 0, 0)|
[{2}]|2|7|9|10.606910304656507|100|(0, 0, 0)|
