[{0}]|750.0|400.0|
[{1}]|0|150.0|0.0|20.0|100|(0, 0, 0)|(0, 0, 0, 0)|
[{1}]|0|150.0|240.0|20.0|100|(0, 0, 0)|(0, 0, 0, 0)|
[{1}]|0|356.0|120.0|20.0|100|(0, 0, 0)|(0, 0, 0, 0)|
[{1}]|0|562.0|240.0|20.0|100|(0, 0, 0)|(0, 0, 0, 0)|
[{1}]|0|562.0|0.0|20.0|100|(0, 0, 0)|(0, 0, 0, 0)|
[{1}]|0|356.0|360.0|75.0|100|(0, 0, 0)|(0, 0, 0, 0)|
[{1}]|1|1350.0|0.0|20.0|100|(0, 0, 0)|(0, 0, 0, 0)|
[{1}]|1|1350.0|240.0|20.0|100|(0, 0, 0)|(0, 0, 0, 0)|
[{1}]|1|1144.0|120.0|20.0|100|(0, 0, 0)|(0, 0, 0, 0)|
[{1}]|1|938.0|240.0|20.0|100|(0, 0, 0)|(0, 0, 0, 0)|
[{1}]|1|938.0|0.0|20.0|100|(0, 0, 0)|(0, 0, 0, 0)|
[{1}]|1|1144.0|360.0|75.0|100|(0, 0, 0)|(0, 0, 0, 0)|
[{2}]|0|0|1|20.0|100|(0, 0, 0)|
[{2}]|0|1|2|20.0|100|(0, 0, 0)|
[{2}]|0|2|3|20.0|100|(0, 0, 0)|
[{2}]|0|3|4|20.0|100|(0, 0, 0)|
[{2}]|0|3|5|20.0|100|(0, 0, 0)|
[{2}]|0|1|5|20.0|100|(0, 0, 0)|
[{2}]|1|6|7|20.0|100|(0, 0, 0)|
[{2}]|1|7|8|20.0|100|(0, 0, 0)|
[{2}]|1|8|9|20.0|100|(0, 0, 0)|
[{2}]|1|9|10|20.0|100|(0, 0, 0)|
[{2}]|1|9|11|20.0|100|(0, 0, 0)|
[{2}]|1|7|11|20.0|100|(0, 0, 0)|
