[{0}]|750.0|400.0|
[{1}]|0|280.0|160.0|25.0|100|(0, 0, 0)|(0, 0, 0, 0)|
[{1}]|0|65.0|34.0|25.0|100|(0, 0, 0)|(0, 0, 0, 0)|
[{1}]|1|1220.0|160.0|25.0|100|(0, 0, 0)|(0, 0, 0, 0)|
[{1}]|1|1435.0|34.0|25.0|100|(0, 0, 0)|(0, 0, 0, 0)|
[{1}]|-1|750.0|246.15384615384616|50.0|100|(0, 0, 0)|(0, 0, 0, 0)|
[{2}]|0|0|1|25.0|100|(0, 0, 0)|
[{2}]|1|2|3|25.0|100|(0, 0, 0)|
[{4}]|0|160.0|390.0|85.0|85.0|7|280.0|160.0|400|(0, 0, 0)|(0, 0, 0, 0)|
[{4}]|1|1340.0|390.0|85.0|85.0|7|1220.0|160.0|400|(0, 0, 0)|(0, 0, 0, 0)|
