[{0}]|750.0|400.0|
[{1}]|0|237.0|358.0|14.0|100|(0, 0, 0)|(0, 0, 0, 0)|
[{1}]|0|370.0|282.0|14.0|100|(0, 0, 0)|(0, 0, 0, 0)|
[{1}]|0|503.0|358.0|14.0|100|(0, 0, 0)|(0, 0, 0, 0)|
[{1}]|0|370.0|434.0|14.0|100|(0, 0, 0)|(0, 0, 0, 0)|
[{1}]|1|1263.0|358.0|14.0|100|(0, 0, 0)|(0, 0, 0, 0)|
[{1}]|1|1130.0|282.0|14.0|100|(0, 0, 0)|(0, 0, 0, 0)|
[{1}]|1|997.0|358.0|14.0|100|(0, 0, 0)|(0, 0, 0, 0)|
[{1}]|1|1130.0|434.0|14.0|100|(0, 0, 0)|(0, 0, 0, 0)|
[{1}]|-1|750.0|205.12820512820514|50.0|100|(0, 0, 0)|(0, 0, 0, 0)|
[{2}]|0|0|1|14.0|100|(0, 0, 0)|
[{2}]|0|1|2|14.0|100|(0, 0, 0)|
[{2}]|0|2|3|14.0|100|(0, 0, 0)|
[{2}]|0|3|0|14.0|100|(0, 0, 0)|
[{2}]|1|4|5|14.0|100|(0, 0, 0)|
[{2}]|1|5|6|14.0|100|(0, 0, 0)|
[{2}]|1|6|7|14.0|100|(0, 0, 0)|
[{2}]|1|7|4|14.0|100|(0, 0, 0)|
