[{0}]|750.0|400.0|
[{1}]|0|354.0|118.0|20.0|100|(0, 0, 0)|(0, 0, 0, 0)|
[{1}]|0|152.0|0.0|20.0|100|(0, 0, 0)|(0, 0, 0, 0)|
[{1}]|0|556.0|0.0|20.0|100|(0, 0, 0)|(0, 0, 0, 0)|
[{1}]|1|1146.0|118.0|20.0|100|(0, 0, 0)|(0, 0, 0, 0)|
[{1}]|1|1348.0|0.0|20.0|100|(0, 0, 0)|(0, 0, 0, 0)|
[{1}]|1|944.0|0.0|20.0|100|(0, 0, 0)|(0, 0, 0, 0)|
[{2}]|0|0|1|20.0|100|(0, 0, 0)|
[{2}]|0|0|2|20.0|100|(0, 0, 0)|
[{2}]|1|3|4|20.0|100|(0, 0, 0)|
[{2}]|1|3|5|20.0|100|(0, 0, 0)|
[{4}]|0|204.0|400.0|100.0|100.0|7|354.0|118.0|500|(0, 0, 0)|(0, 0, 0, 0)|
[{4}]|1|1296.0|400.0|100.0|100.0|7|1146.0|118.0|500|(0, 0, 0)|(0, 0, 0, 0)|
