[{0}]|750.0|400.0|
[{1}]|0|500.0|300.0|75.0|100|(0, 0, 0)|(0, 0, 0, 0)|
[{1}]|0|500.0|0.0|20.0|100|(0, 0, 0)|(0, 0, 0, 0)|
[{1}]|1|1000.0|300.0|75.0|100|(0, 0, 0)|(0, 0, 0, 0)|
[{1}]|1|1000.0|0.0|20.0|100|(0, 0, 0)|(0, 0, 0, 0)|
[{1}]|2|310.0|200.0|50.0|100|(0, 0, 0)|(0, 0, 0, 0)|
[{1}]|2|310.0|0.0|20.0|100|(0, 0, 0)|(0, 0, 0, 0)|
[{1}]|3|1190.0|200.0|50.0|100|(0, 0, 0)|(0, 0, 0, 0)|
[{1}]|3|1190.0|0.0|20.0|100|(0, 0, 0)|(0, 0, 0, 0)|
[{2}]|0|0|1|20.0|100|(0, 0, 0)|
[{2}]|1|2|3|20.0|100|(0, 0, 0)|
[{2}]|2|4|5|20.0|100|(0, 0, 0)|
[{2}]|3|6|7|20.0|100|(0, 0, 0)|
